303 1 0 0 21.6460 3 2023-07-31_12-04-02
303 0 1 0 9.0490 3 2023-07-31_12-06-28
320 1 0 0 21.7510 3 2023-07-31_12-09-34
320 1 0 0 22.1230 3 2023-07-31_12-11-39
320 1 0 0 21.9810 3 2023-07-31_12-13-44
321 0 1 0 1.8760 3 2023-07-31_12-15-46
321 0 1 0 8.6030 3 2023-07-31_12-17-02
321 0 1 0 1.6530 3 2023-07-31_12-18-42
322 0 1 0 11.6890 3 2023-07-31_12-19-58
322 0 1 0 11.8270 3 2023-07-31_12-21-35
322 0 1 0 11.4700 3 2023-07-31_12-23-14
323 0 1 0 20.6680 3 2023-07-31_12-24-50
323 0 1 0 20.7530 3 2023-07-31_12-26-43
323 0 1 0 20.8470 3 2023-07-31_12-28-39
324 0 1 0 7.0200 3 2023-07-31_12-30-35
324 0 1 0 20.8630 3 2023-07-31_12-32-04
324 0 1 0 20.9110 3 2023-07-31_12-48-28
325 0 1 0 19.2720 3 2023-07-31_12-50-26
325 0 1 0 8.0550 3 2023-07-31_12-52-15
325 0 1 0 7.9780 3 2023-07-31_12-53-44
326 0 1 0 5.5700 3 2023-07-31_15-27-54
326 0 1 0 4.9230 3 2023-07-31_15-29-22
326 0 1 0 7.3210 3 2023-07-31_15-30-48
327 0 1 0 7.6310 3 2023-07-31_15-32-19
321 0 1 0 2.5760 3 2023-07-31_15-38-02
321 0 1 0 3.0630 3 2023-07-31_15-39-49
300 0 1 0 6.7750 3 2023-07-31_17-15-07
300 0 1 0 6.7840 3 2023-07-31_17-16-33
300 0 1 0 6.3820 3 2023-07-31_17-17-59
300 0 1 0 6.5080 3 2023-07-31_17-19-23
300 0 1 0 6.1800 3 2023-07-31_17-20-48
300 0 1 0 6.5860 3 2023-07-31_17-22-07
301 1 0 0 21.7080 3 2023-07-31_17-23-30
301 1 0 0 21.7410 3 2023-07-31_17-25-38
301 1 0 0 21.6250 3 2023-07-31_17-27-38
301 1 0 0 21.6830 3 2023-07-31_17-29-36
301 1 0 0 21.6050 3 2023-07-31_17-31-30
301 1 0 0 21.6080 3 2023-07-31_17-33-25
302 0 1 0 12.6530 3 2023-07-31_17-35-18
302 0 1 0 12.6360 3 2023-07-31_17-36-54
302 0 1 0 12.5570 3 2023-07-31_17-38-29
302 0 1 0 12.6620 3 2023-07-31_17-40-05
302 0 1 0 12.4070 3 2023-07-31_17-41-41
302 0 1 0 12.5980 3 2023-07-31_17-43-16
303 0 1 0 8.5710 3 2023-07-31_17-44-52
303 0 1 0 8.6290 3 2023-07-31_17-46-19
303 0 1 0 8.2270 3 2023-07-31_17-47-45
303 0 1 0 8.1960 3 2023-07-31_17-49-12
303 0 1 0 8.1520 3 2023-07-31_17-50-41
303 0 1 0 8.2830 3 2023-07-31_17-52-08
304 1 0 0 22.0650 3 2023-07-31_17-53-35
304 1 0 0 21.9520 3 2023-07-31_17-55-30
304 1 0 0 22.0250 3 2023-07-31_17-57-27
304 1 0 0 22.0270 3 2023-07-31_17-59-20
304 1 0 0 22.0270 3 2023-07-31_18-01-17
304 1 0 0 22.0550 3 2023-07-31_18-03-10
305 1 0 0 21.8860 3 2023-07-31_18-05-04
305 1 0 0 21.8870 3 2023-07-31_18-06-57
305 1 0 0 21.8440 3 2023-07-31_18-08-52
305 1 0 0 21.8330 3 2023-07-31_18-10-48
305 1 0 0 21.8690 3 2023-07-31_18-12-42
305 1 0 0 21.8350 3 2023-07-31_18-14-36
306 0 1 0 6.8940 3 2023-07-31_18-16-31
306 0 1 0 6.9580 3 2023-07-31_18-17-56
306 0 1 0 6.9220 3 2023-07-31_18-19-20
306 0 1 0 10.3740 3 2023-07-31_18-20-44
306 0 1 0 10.3550 3 2023-07-31_18-22-17
306 0 1 0 6.9110 3 2023-07-31_18-23-48
307 0 1 0 15.0070 3 2023-07-31_18-25-11
307 1 0 0 21.8630 3 2023-07-31_18-26-51
307 0 1 0 14.6820 3 2023-07-31_18-28-44
307 1 0 0 21.8430 3 2023-07-31_18-30-24
307 0 1 0 14.3380 3 2023-07-31_18-32-18
307 1 0 0 22.0870 3 2023-07-31_18-33-57
308 0 1 0 16.3180 3 2023-07-31_18-35-52
308 0 1 0 16.1970 3 2023-07-31_18-37-34
308 0 1 0 16.1690 3 2023-07-31_18-39-16
308 0 1 0 16.3350 3 2023-07-31_18-40-59
308 0 1 0 16.3000 3 2023-07-31_18-42-42
308 0 1 0 16.2920 3 2023-07-31_18-44-25
309 0 1 0 11.6870 3 2023-07-31_18-46-11
309 0 1 0 11.8980 3 2023-07-31_18-47-45
309 1 0 0 21.8360 3 2023-07-31_18-49-18
309 0 1 0 11.8230 3 2023-07-31_18-51-11
309 0 1 0 11.9660 3 2023-07-31_18-52-45
309 0 1 0 11.3710 3 2023-07-31_18-54-19
310 0 1 0 3.2640 3 2023-07-31_18-55-53
310 0 1 0 3.2700 3 2023-07-31_18-57-09
310 0 1 0 3.1990 3 2023-07-31_18-58-26
310 0 1 0 3.5070 3 2023-07-31_18-59-43
310 0 1 0 3.4990 3 2023-07-31_19-00-59
310 0 1 0 3.2040 3 2023-07-31_19-02-15
311 1 0 0 21.7630 3 2023-07-31_19-03-32
311 1 0 0 21.6450 3 2023-07-31_19-05-24
311 1 0 0 22.0130 3 2023-07-31_19-07-17
311 1 0 0 21.9800 3 2023-07-31_19-09-09
311 1 0 0 21.8440 3 2023-07-31_19-10-52
311 1 0 0 22.2960 3 2023-07-31_19-12-45
312 0 1 0 12.7200 3 2023-07-31_19-14-39
312 0 1 0 10.4450 3 2023-07-31_19-16-15
312 0 1 0 10.7890 3 2023-07-31_19-17-46
312 0 1 0 10.8760 3 2023-07-31_19-19-19
312 0 1 0 11.1350 3 2023-07-31_19-20-51
312 0 1 0 10.8420 3 2023-07-31_19-22-24
313 0 1 0 6.9100 3 2023-07-31_19-23-56
313 0 1 0 6.9370 3 2023-07-31_19-25-20
313 0 1 0 7.1290 3 2023-07-31_19-26-43
313 0 1 0 6.6980 3 2023-07-31_19-28-08
313 0 1 0 6.7920 3 2023-07-31_19-29-32
313 0 1 0 7.2140 3 2023-07-31_19-30-56
314 1 0 0 22.2920 3 2023-07-31_19-32-22
314 1 0 0 22.4070 3 2023-07-31_19-34-17
314 1 0 0 22.0840 3 2023-07-31_19-36-12
314 1 0 0 22.0080 3 2023-07-31_19-38-07
314 1 0 0 22.1080 3 2023-07-31_19-40-00
314 1 0 0 22.1610 3 2023-07-31_19-41-54
315 0 1 0 6.4350 3 2023-07-31_19-43-36
315 0 1 0 5.9010 3 2023-07-31_19-44-58
315 0 1 0 6.2210 3 2023-07-31_19-46-20
315 0 1 0 5.9590 3 2023-07-31_19-47-41
315 0 1 0 5.9060 3 2023-07-31_19-49-04
315 0 1 0 6.3930 3 2023-07-31_19-50-25
316 1 0 0 22.1590 3 2023-07-31_19-51-49
316 0 1 0 7.4070 3 2023-07-31_19-53-45
316 1 0 0 21.9040 3 2023-07-31_19-55-10
316 0 1 0 7.3340 3 2023-07-31_19-57-01
316 0 1 0 7.4040 3 2023-07-31_19-58-25
316 1 0 0 22.3180 3 2023-07-31_19-59-50
317 0 1 0 10.1020 3 2023-07-31_20-01-41
317 1 0 0 21.8830 3 2023-07-31_20-03-13
317 0 1 0 9.9050 3 2023-07-31_20-05-08
317 0 1 0 9.9410 3 2023-07-31_20-06-38
317 0 1 0 10.1620 3 2023-07-31_20-08-07
317 0 1 0 10.0760 3 2023-07-31_20-09-36
318 1 0 0 21.8750 3 2023-07-31_20-11-07
318 1 0 0 21.9300 3 2023-07-31_20-13-02
318 1 0 0 21.9040 3 2023-07-31_20-14-56
318 1 0 0 21.8320 3 2023-07-31_20-16-50
318 1 0 0 21.9480 3 2023-07-31_20-18-42
318 1 0 0 21.9590 3 2023-07-31_20-20-36
319 0 1 0 8.2300 3 2023-07-31_20-22-30
319 0 1 0 8.1400 3 2023-07-31_20-23-57
319 0 1 0 8.1080 3 2023-07-31_20-25-25
319 0 1 0 8.1580 3 2023-07-31_20-26-52
319 0 1 0 8.2820 3 2023-07-31_20-28-19
319 0 1 0 8.1410 3 2023-07-31_20-29-46
300 1 0 0 30.0260 2 2023-07-31_20-31-14
300 1 0 0 30.0240 2 2023-07-31_20-53-57
300 1 0 0 30.0500 2 2023-07-31_21-18-40
300 1 0 0 30.0480 2 2023-07-31_21-43-07
300 1 0 0 30.0880 2 2023-07-31_22-07-33
300 1 0 0 30.0890 2 2023-07-31_22-31-36
301 1 0 0 30.0400 2 2023-07-31_22-55-34
301 1 0 0 30.0860 2 2023-07-31_23-19-44
301 1 0 0 30.0020 2 2023-07-31_23-43-57
301 1 0 0 30.1050 2 2023-08-01_00-07-53
301 1 0 0 30.0940 2 2023-08-01_00-31-49
301 1 0 0 30.0760 2 2023-08-01_00-55-05
302 1 0 0 30.0540 2 2023-08-01_01-19-03
302 1 0 0 30.0900 2 2023-08-01_01-43-20
302 1 0 0 30.0660 2 2023-08-01_02-01-24
302 1 0 0 30.0550 2 2023-08-01_02-24-32
302 1 0 0 30.0150 2 2023-08-01_02-47-19
302 1 0 0 30.0400 2 2023-08-01_03-11-12
319 0 1 0 13.8710 3 2023-08-01_03-42-59
319 0 1 0 13.9080 3 2023-08-01_03-46-55
401 0 1 0 15.0260 3 2023-08-01_08-10-32
401 0 1 0 15.0760 3 2023-08-01_08-13-40
401 0 1 0 15.2750 3 2023-08-01_08-32-19
401 1 0 0 16.6880 3 2023-08-04_13-34-54
405 0 1 0 14.8030 3 2023-08-04_13-37-09
405 0 1 0 6.1790 3 2023-08-04_13-39-19
405 0 1 0 6.0620 3 2023-08-04_13-40-48
410 0 1 0 13.0590 3 2023-08-04_13-47-09
410 0 1 0 12.9970 3 2023-08-04_14-08-47
410 0 1 0 12.8600 3 2023-08-04_14-15-34
410 0 1 0 13.3250 3 2023-08-14_04-05-35
405 0 1 0 16.2470 3 2023-08-15_02-30-32
405 0 1 0 18.7940 3 2023-08-15_02-32-58
405 0 1 0 18.1030 3 2023-08-15_02-35-53
400 0 1 0 1.9530 3 2023-08-16_08-21-43
400 0 1 0 1.9430 3 2023-08-16_08-23-06
400 0 1 0 1.9350 3 2023-08-16_08-24-20
400 0 1 0 2.4460 3 2023-08-16_08-25-58
400 0 1 0 2.1350 3 2023-08-29_18-07-00
400 0 1 0 2.0300 3 2023-08-29_18-10-12
400 0 1 0 2.5950 3 2023-08-29_20-39-33
400 0 1 0 2.1230 3 2023-08-29_20-41-46
405 0 1 0 4.8250 3 2023-08-29_20-45-39
401 0 1 0 15.2440 3 2023-08-29_21-09-53
