300 0 1 0 7.3850 3 2023-07-22_09-37-06
300 0 1 0 6.8980 3 2023-07-22_09-38-42
300 0 1 0 7.4640 3 2023-07-22_09-40-13
301 1 0 0 22.2890 3 2023-07-22_09-41-45
301 1 0 0 22.3080 3 2023-07-22_09-43-47
301 1 0 0 22.2560 3 2023-07-22_09-45-46
302 0 1 0 12.5880 3 2023-07-22_09-47-51
302 0 1 0 12.7590 3 2023-07-22_09-49-35
302 0 1 0 12.8720 3 2023-07-22_09-51-19
303 0 1 0 9.1050 3 2023-07-22_09-52-59
303 1 0 0 23.5400 3 2023-07-22_09-54-28
303 1 0 0 24.0030 3 2023-07-22_09-56-17
304 1 0 0 21.8970 3 2023-07-22_09-58-19
304 1 0 0 21.9200 3 2023-07-22_10-00-17
304 1 0 0 21.8990 3 2023-07-22_10-02-14
305 1 0 0 22.0320 3 2023-07-22_10-04-11
305 1 0 0 21.9430 3 2023-07-22_10-06-10
305 1 0 0 22.0380 3 2023-07-22_10-08-11
306 0 1 0 7.3180 3 2023-07-22_10-10-08
306 0 1 0 7.6980 3 2023-07-22_10-11-38
306 0 1 0 18.2830 3 2023-07-22_10-13-09
307 0 1 0 14.8670 3 2023-07-22_10-15-00
307 1 0 0 23.5050 3 2023-07-22_10-16-42
307 1 0 0 23.8290 3 2023-07-22_10-18-42
308 1 0 0 24.0750 3 2023-07-22_10-20-43
308 0 1 0 16.7580 3 2023-07-22_10-22-46
308 1 0 0 24.9270 3 2023-07-22_10-24-31
309 1 0 0 22.3800 3 2023-07-22_10-26-34
309 1 0 0 21.9920 3 2023-07-22_10-28-32
309 1 0 0 22.3050 3 2023-07-22_10-30-29
310 0 1 0 4.3360 3 2023-07-22_10-32-28
310 0 1 0 3.9370 3 2023-07-22_10-33-49
310 0 1 0 4.1310 3 2023-07-22_10-35-11
311 1 0 0 22.8330 3 2023-07-22_10-36-33
311 1 0 0 22.7080 3 2023-07-22_10-38-33
311 1 0 0 22.9590 3 2023-07-22_10-40-31
312 0 1 0 10.6630 3 2023-07-22_10-42-31
312 0 1 0 11.1000 3 2023-07-22_10-44-06
312 0 1 0 13.2370 3 2023-07-22_10-45-44
313 0 1 0 7.2170 3 2023-07-22_10-47-23
313 0 1 0 7.9270 3 2023-07-22_10-48-52
313 0 1 0 8.3000 3 2023-07-22_10-50-20
314 0 1 0 13.4050 3 2023-07-22_10-51-49
314 0 1 0 7.5350 3 2023-07-22_10-53-30
314 0 1 0 13.1900 3 2023-07-22_10-54-58
315 0 1 0 6.9290 3 2023-07-22_10-56-37
315 0 1 0 6.4950 3 2023-07-22_10-58-04
315 0 1 0 7.1060 3 2023-07-22_10-59-32
316 1 0 0 23.4320 3 2023-07-22_11-01-00
316 1 0 0 23.5170 3 2023-07-22_11-02-59
316 1 0 0 23.6240 3 2023-07-22_11-04-59
317 0 1 0 10.0510 3 2023-07-22_11-07-01
317 1 0 0 23.4840 3 2023-07-22_11-08-34
317 1 0 0 23.9060 3 2023-07-22_11-10-32
318 1 0 0 21.9970 3 2023-07-22_11-12-33
318 1 0 0 22.6260 3 2023-07-22_11-14-31
318 1 0 0 21.9940 3 2023-07-22_11-16-25
319 0 1 0 8.8060 3 2023-07-22_11-18-23
319 0 1 0 8.3680 3 2023-07-22_11-19-52
319 0 1 0 8.9660 3 2023-07-22_11-21-23
320 1 0 0 22.3800 3 2023-07-22_11-22-53
320 1 0 0 22.5370 3 2023-07-22_11-24-50
320 1 0 0 21.8750 3 2023-07-22_11-26-49
321 0 1 0 8.6920 3 2023-07-22_11-28-48
321 0 1 0 1.7720 3 2023-07-22_11-30-20
321 0 1 0 1.7580 3 2023-07-22_11-31-37
322 0 1 0 11.4910 3 2023-07-22_11-32-54
322 0 1 0 11.7430 3 2023-07-22_11-34-29
322 0 1 0 11.3430 3 2023-07-22_11-36-08
323 0 1 0 20.7040 3 2023-07-22_11-37-45
323 0 1 0 20.3210 3 2023-07-22_11-39-38
323 0 1 0 20.6200 3 2023-07-22_11-41-34
324 0 1 0 7.2200 3 2023-07-22_11-43-30
324 0 1 0 7.8130 3 2023-07-22_11-44-58
324 0 1 0 7.0560 3 2023-07-22_11-46-27
325 0 1 0 18.4410 3 2023-07-22_11-47-55
325 0 1 0 8.2430 3 2023-07-22_11-49-43
325 0 1 0 8.2970 3 2023-07-22_11-51-13
326 0 1 0 7.3280 3 2023-07-22_11-52-42
326 0 1 0 7.3230 3 2023-07-22_11-54-09
326 0 1 0 7.6550 3 2023-07-22_11-55-38
327 0 1 0 7.4340 3 2023-07-22_11-57-06
327 0 1 0 8.2570 3 2023-07-22_11-58-35
327 0 1 0 7.7300 3 2023-07-22_12-00-06
328 0 1 0 6.7450 3 2023-07-22_12-01-35
328 0 1 0 6.2150 3 2023-07-22_12-03-02
328 0 1 0 6.5770 3 2023-07-22_12-04-27
329 0 1 0 11.4080 3 2023-07-22_12-05-54
329 0 1 0 11.6110 3 2023-07-22_12-07-31
329 0 1 0 10.9640 3 2023-07-22_12-09-09
330 0 1 0 14.1860 3 2023-07-22_12-10-45
330 0 1 0 7.3970 3 2023-07-22_12-12-40
330 0 1 0 14.1880 3 2023-07-22_12-14-10
331 0 1 0 2.0720 3 2023-07-22_12-15-55
331 0 1 0 2.9680 3 2023-07-22_12-17-14
331 1 0 0 23.7500 3 2023-07-22_12-18-34
332 0 1 0 3.6090 3 2023-07-22_12-20-37
332 0 1 0 4.0150 3 2023-07-22_12-21-58
332 0 1 0 4.3980 3 2023-07-22_12-23-20
333 0 1 0 10.2360 3 2023-07-22_12-24-43
333 0 1 0 2.7870 3 2023-07-22_12-26-19
333 0 1 0 10.0230 3 2023-07-22_12-27-39
334 0 1 0 9.7480 3 2023-07-22_12-29-16
334 0 1 0 2.6770 3 2023-07-22_12-30-50
334 0 1 0 2.7800 3 2023-07-22_12-32-10
335 0 1 0 8.2270 3 2023-07-22_12-33-30
335 0 1 0 8.6690 3 2023-07-22_12-35-01
335 1 0 0 24.7090 3 2023-07-22_12-36-33
336 0 1 0 4.1180 3 2023-07-22_12-38-38
336 0 1 0 4.0920 3 2023-07-22_12-40-00
336 0 1 0 4.1970 3 2023-07-22_12-41-23
337 0 1 0 15.9360 3 2023-07-22_12-42-46
337 0 1 0 9.7880 3 2023-07-22_12-44-36
337 0 1 0 15.2620 3 2023-07-22_12-46-11
338 0 1 0 8.4670 3 2023-07-22_12-47-58
338 0 1 0 8.5550 3 2023-07-22_12-49-31
338 0 1 0 8.6590 3 2023-07-22_12-51-02
339 0 1 0 12.8730 3 2023-07-22_12-52-35
339 1 0 0 25.0340 3 2023-07-22_12-54-18
339 0 1 0 13.1500 3 2023-07-22_12-56-28
340 0 1 0 0.2070 3 2023-07-22_12-58-12
340 0 1 0 0.6170 3 2023-07-22_12-59-26
340 0 1 0 0.0060 3 2023-07-22_13-00-41
341 0 1 0 2.0620 3 2023-07-22_13-01-55
341 0 1 0 2.5870 3 2023-07-22_13-03-13
341 0 1 0 2.6690 3 2023-07-22_13-04-33
342 0 1 0 4.5140 3 2023-07-22_13-05-52
342 0 1 0 4.8230 3 2023-07-22_13-07-17
342 0 1 0 5.3360 3 2023-07-22_13-08-41
343 0 1 0 1.8450 3 2023-07-22_13-10-08
343 0 1 0 2.5740 3 2023-07-22_13-11-27
343 0 1 0 2.4740 3 2023-07-22_13-12-45
344 0 1 0 1.2520 3 2023-07-22_13-14-04
344 0 1 0 1.0700 3 2023-07-22_13-15-22
344 0 1 0 1.0220 3 2023-07-22_13-16-36
345 0 1 0 2.1470 3 2023-07-22_13-17-52
345 1 0 0 25.0060 3 2023-07-22_13-19-11
345 0 1 0 2.8790 3 2023-07-22_13-21-09
346 0 1 0 2.6740 3 2023-07-22_13-22-28
346 0 1 0 2.4800 3 2023-07-22_13-23-46
346 0 1 0 2.2690 3 2023-07-22_13-25-05
347 0 1 0 4.1180 3 2023-07-22_13-26-24
347 0 1 0 3.6180 3 2023-07-22_13-27-47
347 0 1 0 3.5970 3 2023-07-22_13-29-09
348 0 1 0 5.9600 3 2023-07-22_13-30-31
348 0 1 0 1.3300 3 2023-07-22_13-31-58
348 0 1 0 5.4440 3 2023-07-22_13-33-14
349 0 1 0 1.9510 3 2023-07-22_13-34-41
349 0 1 0 1.8520 3 2023-07-22_13-35-59
349 0 1 0 1.8680 3 2023-07-22_13-37-18
350 0 1 0 6.6920 3 2023-07-22_13-38-36
350 0 1 0 6.4910 3 2023-07-22_13-40-04
350 0 1 0 6.6740 3 2023-07-22_13-41-32
351 0 1 0 20.9390 3 2023-07-22_13-43-01
351 0 1 0 9.1590 3 2023-07-22_13-45-01
351 0 1 0 8.8190 3 2023-07-22_13-46-36
352 1 0 0 25.0220 3 2023-07-22_13-48-09
352 1 0 0 25.0720 3 2023-07-22_13-50-15
352 1 0 0 24.8250 3 2023-07-22_13-52-22
353 0 1 0 6.1590 3 2023-07-22_13-54-30
353 0 1 0 5.8630 3 2023-07-22_13-55-57
353 0 1 0 6.0840 3 2023-07-22_13-57-24
354 0 1 0 1.7580 3 2023-07-22_13-58-49
354 0 1 0 1.6440 3 2023-07-22_14-00-07
354 0 1 0 1.6450 3 2023-07-22_14-01-24
355 0 1 0 3.3940 3 2023-07-22_14-02-42
355 0 1 0 3.8980 3 2023-07-22_14-04-03
355 0 1 0 3.4960 3 2023-07-22_14-05-27
356 0 1 0 16.5520 3 2023-07-22_14-06-49
356 0 1 0 17.4300 3 2023-07-22_14-08-38
356 0 1 0 4.1330 3 2023-07-22_14-10-30
357 0 1 0 2.4580 3 2023-07-22_14-11-52
357 0 1 0 2.0810 3 2023-07-22_14-13-14
357 0 1 0 18.8560 3 2023-07-22_14-14-31
358 0 1 0 3.7900 3 2023-07-22_14-16-28
358 0 1 0 4.3100 3 2023-07-22_14-17-54
358 0 1 0 4.3230 3 2023-07-22_14-19-17
359 0 1 0 3.0630 3 2023-07-22_14-20-40
359 1 0 0 24.8510 3 2023-07-22_14-22-01
359 0 1 0 5.5680 3 2023-07-22_14-24-07
300 1 0 0 23.7030 3 2023-07-22_16-54-28
302 0 1 0 13.8290 3 2023-07-22_16-58-03
~~~~~~~~~~~~~~~~~~~~~~~~~~~~~~~~~~~~~~~~~~~~~~~~~~~~~~~~
0.1s traj

320 1 0 0 22.3510 3 2023-07-29_14-03-44
320 1 0 0 21.8880 3 2023-07-29_14-05-57
320 1 0 0 22.5240 3 2023-07-29_14-08-06
321 0 1 0 1.7560 3 2023-07-29_14-10-06
321 1 0 0 25.0200 3 2023-07-29_14-11-23
321 0 1 0 1.8520 3 2023-07-29_14-13-32
322 0 1 0 11.8560 3 2023-07-29_14-14-49
322 0 1 0 11.8560 3 2023-07-29_14-16-26
322 0 1 0 11.4570 3 2023-07-29_14-18-04
323 1 0 0 23.9950 3 2023-07-29_14-19-42
323 0 1 0 20.3490 3 2023-07-29_14-21-46
323 0 1 0 20.9470 3 2023-07-29_14-23-41
324 0 1 0 7.7630 3 2023-07-29_14-25-38
324 0 1 0 7.5030 3 2023-07-29_14-27-09
324 0 1 0 20.8570 3 2023-07-29_14-28-40
325 0 1 0 18.4390 3 2023-07-29_14-30-47
325 0 1 0 8.6120 3 2023-07-29_14-32-47
325 0 1 0 8.4110 3 2023-07-29_14-34-40
326 0 1 0 5.1260 3 2023-07-29_14-36-26
326 0 1 0 7.3710 3 2023-07-29_14-38-02
326 0 1 0 5.2320 3 2023-07-29_14-39-47
327 0 1 0 8.2310 3 2023-07-29_14-41-21
327 0 1 0 8.4170 3 2023-07-29_14-43-03
327 0 1 0 8.2110 3 2023-07-29_14-44-46
328 0 1 0 5.7980 3 2023-07-29_14-46-30
328 0 1 0 3.8090 3 2023-07-29_14-48-07
328 0 1 0 6.3630 3 2023-07-29_14-49-35
329 0 1 0 11.5840 3 2023-07-29_14-51-14
329 0 1 0 11.1730 3 2023-07-29_14-53-08
329 0 1 0 11.5190 3 2023-07-29_14-55-00

~~~~~~~~~~~~~~~~~~~~~~~~~~~~~~~~~~~~~~~~~~~~~~~~~~~~~~~~~~~~~
0.3s traj
320 0 1 0 13.6610 3 2023-07-29_15-53-22
320 1 0 0 25.1030 3 2023-07-29_15-55-47
320 1 0 0 24.5620 3 2023-07-29_15-58-32
324 0 1 0 1.8510 3 2023-07-29_16-03-33
302 1 0 0 27.2260 3 2023-07-29_16-05-45
302 0 1 0 16.7410 3 2023-07-30_01-39-18
303 1 0 0 21.2550 3 2023-07-30_01-44-12
303 1 0 0 21.3600 3 2023-07-30_01-49-43
303 1 0 0 21.2080 3 2023-07-30_02-00-55
~~~~

320 1 0 0 21.8160 3 2023-07-30_02-31-01
320 1 0 0 22.3650 3 2023-07-30_02-33-25
320 1 0 0 22.3570 3 2023-07-30_02-35-44
321 0 1 0 1.8480 3 2023-07-30_02-37-46
321 0 1 0 1.7630 3 2023-07-30_02-39-03
321 0 1 0 15.2060 3 2023-07-30_02-40-19
322 0 1 0 11.9790 3 2023-07-30_02-42-07
322 0 1 0 11.6250 3 2023-07-30_02-43-48
322 0 1 0 12.1860 3 2023-07-30_02-45-30
323 0 1 0 21.0690 3 2023-07-30_02-47-12
323 0 1 0 20.7790 3 2023-07-30_02-49-20
323 0 1 0 20.6690 3 2023-07-30_02-51-30
324 0 1 0 7.3510 3 2023-07-30_02-53-40
324 0 1 0 21.5220 3 2023-07-30_02-55-16
!!!!!!!!!
324 1 0 0 21.9550 3 2023-07-30_02-58-17
325 1 0 0 21.7920 3 2023-07-30_03-01-10
325 0 1 0 19.1130 3 2023-07-30_03-03-59
325 0 1 0 8.7340 3 2023-07-30_03-07-00
326 0 1 0 7.3710 3 2023-07-30_03-08-52
326 0 1 0 7.3020 3 2023-07-30_03-10-35
326 0 1 0 5.0260 3 2023-07-30_03-12-17
