331 1 0 0 8.6580 1 2023-07-06_03-05-35
331 1 0 0 8.6670 1 2023-07-06_03-07-01
331 1 0 0 8.7000 1 2023-07-06_03-08-27
332 1 0 0 8.6530 1 2023-07-06_03-09-54
332 1 0 0 8.6390 1 2023-07-06_03-11-21
332 1 0 0 8.7090 1 2023-07-06_03-12-44
333 1 0 0 8.6750 1 2023-07-06_03-14-25
333 1 0 0 11.2280 1 2023-07-06_03-15-56
333 1 0 0 8.6580 1 2023-07-06_03-17-34
334 1 0 0 8.6710 1 2023-07-06_03-19-00
334 1 0 0 8.6770 1 2023-07-06_03-20-25
334 1 0 0 8.6980 1 2023-07-06_03-21-51
335 0 1 0 9.6260 1 2023-07-06_03-23-13
335 1 0 0 16.3090 1 2023-07-06_03-24-40
335 0 1 0 11.3050 1 2023-07-06_03-26-27
336 1 0 0 8.7670 1 2023-07-06_03-27-54
336 1 0 0 8.6650 1 2023-07-06_03-29-17
336 1 0 0 8.6620 1 2023-07-06_03-30-40
337 1 0 0 8.7160 1 2023-07-06_03-32-04
337 1 0 0 8.6840 1 2023-07-06_03-33-29
337 1 0 0 8.6850 1 2023-07-06_03-34-51
338 1 0 0 8.7650 1 2023-07-06_03-36-15
338 1 0 0 8.6670 1 2023-07-06_03-37-38
338 1 0 0 8.6350 1 2023-07-06_03-39-01
339 1 0 0 8.6920 1 2023-07-06_03-40-26
339 1 0 0 8.6910 1 2023-07-06_03-41-50
339 1 0 0 8.6950 1 2023-07-06_03-43-13
340 0 1 0 6.6130 1 2023-07-06_03-44-36
340 0 1 0 6.6120 1 2023-07-06_03-45-57
340 0 1 0 6.3350 1 2023-07-06_03-47-17
341 0 1 0 6.0260 1 2023-07-06_03-48-35
341 0 1 0 6.1070 1 2023-07-06_03-49-53
341 0 1 0 5.9250 1 2023-07-06_03-51-12
342 1 0 0 10.4390 1 2023-07-06_03-52-29
342 0 1 0 0.7280 1 2023-07-06_03-53-57
342 1 0 0 10.4410 1 2023-07-06_03-55-06
343 0 1 0 3.2830 1 2023-07-06_03-56-32
343 0 1 0 2.6830 1 2023-07-06_03-57-46
343 1 0 0 13.1320 1 2023-07-06_03-59-01
344 0 1 0 8.4420 1 2023-07-06_04-00-33
344 0 1 0 7.9620 1 2023-07-06_04-01-54
344 0 1 0 8.2410 1 2023-07-06_04-03-15
345 0 1 0 0.9310 1 2023-07-06_04-04-38
345 0 1 0 0.7390 1 2023-07-06_04-05-48
345 0 1 0 0.6180 1 2023-07-06_04-06-57
346 0 1 0 6.3000 1 2023-07-06_04-08-05
346 0 1 0 2.3590 1 2023-07-06_04-09-25
346 0 1 0 2.6870 1 2023-07-06_04-10-38
347 0 1 0 9.0550 1 2023-07-06_04-11-55
347 0 1 0 9.3340 1 2023-07-06_04-13-19
347 0 1 0 1.0260 1 2023-07-06_04-14-47
348 0 1 0 3.1850 1 2023-07-06_04-15-58
348 0 1 0 3.4150 1 2023-07-06_04-17-12
348 0 1 0 3.5950 1 2023-07-06_04-18-26
349 0 1 0 9.9970 1 2023-07-06_04-19-41
349 0 1 0 9.8250 1 2023-07-06_04-21-10
349 0 1 0 9.8930 1 2023-07-06_04-22-35
350 0 1 0 1.6530 1 2023-07-06_04-24-01
350 0 1 0 1.4460 1 2023-07-06_04-25-12
350 0 1 0 2.3570 1 2023-07-06_04-26-23
351 0 1 0 6.2820 1 2023-07-06_04-27-36
351 0 1 0 7.8190 1 2023-07-06_04-28-55
351 0 1 0 11.8290 1 2023-07-06_04-30-17
352 0 1 0 6.2900 1 2023-07-06_04-31-45
352 1 0 0 13.1130 1 2023-07-06_04-33-04
352 0 1 0 6.6060 1 2023-07-06_04-34-34
353 1 0 0 9.2940 1 2023-07-06_04-35-54
353 0 1 0 3.8540 1 2023-07-06_04-37-20
353 0 1 0 3.8100 1 2023-07-06_04-38-34
354 0 1 0 0.6310 1 2023-07-06_04-39-48
354 0 1 0 0.5330 1 2023-07-06_04-40-57
354 0 1 0 0.9490 1 2023-07-06_04-42-06
355 0 1 0 0.9290 1 2023-07-06_04-43-15
355 0 1 0 3.6210 1 2023-07-06_04-44-25
355 0 1 0 0.9340 1 2023-07-06_04-45-39
356 1 0 0 8.7980 1 2023-07-06_04-46-48
356 1 0 0 8.7810 1 2023-07-06_04-48-11
356 1 0 0 9.1980 1 2023-07-06_04-49-33
357 0 1 0 0.7450 1 2023-07-06_04-50-57
357 0 1 0 5.6860 1 2023-07-06_04-52-06
357 0 1 0 3.1960 1 2023-07-06_04-53-23
358 0 1 0 1.8910 1 2023-07-06_04-54-37
358 0 1 0 1.6650 1 2023-07-06_04-55-50
358 0 1 0 2.0740 1 2023-07-06_04-57-02
359 0 1 0 1.5430 1 2023-07-06_04-58-15
359 0 1 0 6.5480 1 2023-07-06_04-59-24
359 1 0 0 9.0820 1 2023-07-06_05-00-42
