300 1 0 0 9.5830 2 2023-06-30_22-08-56
300 1 0 0 9.4870 2 2023-06-30_22-10-53
300 1 0 0 9.5940 2 2023-06-30_22-12-49
301 1 0 0 10.8230 2 2023-06-30_22-14-44
301 1 0 0 11.0450 2 2023-06-30_22-16-35
301 1 0 0 10.8450 2 2023-06-30_22-18-27
302 1 0 0 9.5720 2 2023-06-30_22-20-17
302 1 0 0 9.4600 2 2023-06-30_22-22-04
302 1 0 0 9.4990 2 2023-06-30_22-23-52
303 1 0 0 15.5700 2 2023-06-30_22-25-39
303 1 0 0 16.1170 2 2023-06-30_22-27-44
303 1 0 0 15.8530 2 2023-06-30_22-29-52
304 0 1 0 2.1300 2 2023-06-30_22-31-59
304 0 1 0 2.1380 2 2023-06-30_22-33-18
304 0 1 0 2.2420 2 2023-06-30_22-34-38
305 1 0 0 9.5930 2 2023-06-30_22-35-58
305 1 0 0 9.4880 2 2023-06-30_22-37-45
305 1 0 0 9.4670 2 2023-06-30_22-39-32
306 1 0 0 10.4180 2 2023-06-30_22-41-20
306 1 0 0 10.0950 2 2023-06-30_22-43-10
306 1 0 0 9.9920 2 2023-06-30_22-44-59
307 1 0 0 9.5880 2 2023-06-30_22-46-48
307 1 0 0 9.6950 2 2023-06-30_22-48-33
307 1 0 0 9.5980 2 2023-06-30_22-50-17
308 0 1 0 8.8440 2 2023-06-30_22-52-02
308 0 1 0 8.7480 2 2023-06-30_22-53-47
308 0 1 0 9.1030 2 2023-06-30_22-55-30
309 1 0 0 9.6970 2 2023-06-30_22-57-15
309 1 0 0 9.5860 2 2023-06-30_22-59-03
309 1 0 0 9.5890 2 2023-06-30_23-00-51
310 1 0 0 9.5970 2 2023-06-30_23-02-38
310 1 0 0 9.5910 2 2023-06-30_23-04-26
310 1 0 0 9.5600 2 2023-06-30_23-06-14
311 1 0 0 9.5880 2 2023-06-30_23-08-01
311 1 0 0 9.5820 2 2023-06-30_23-09-46
311 1 0 0 9.4990 2 2023-06-30_23-11-31
312 1 0 0 10.0840 2 2023-06-30_23-13-16
312 1 0 0 10.0600 2 2023-06-30_23-15-07
312 1 0 0 9.9910 2 2023-06-30_23-16-56
313 1 0 0 9.5810 2 2023-06-30_23-18-46
313 1 0 0 9.4730 2 2023-06-30_23-20-31
313 1 0 0 9.5540 2 2023-06-30_23-22-19
314 0 1 0 9.2770 2 2023-06-30_23-24-06
314 1 0 0 11.2170 2 2023-06-30_23-25-49
314 1 0 0 11.4850 2 2023-06-30_23-27-39
315 0 1 0 9.2730 2 2023-06-30_23-29-30
315 1 0 0 11.1290 2 2023-06-30_23-31-16
315 1 0 0 11.1140 2 2023-06-30_23-33-08
316 1 0 0 9.5970 2 2023-06-30_23-35-01
316 1 0 0 9.6090 2 2023-06-30_23-36-46
316 1 0 0 9.4800 2 2023-06-30_23-38-32
317 1 0 0 9.5690 2 2023-06-30_23-40-16
317 1 0 0 9.3620 2 2023-06-30_23-42-03
317 1 0 0 9.3870 2 2023-06-30_23-43-48
318 0 1 0 11.9230 2 2023-06-30_23-45-34
318 1 0 0 11.9450 2 2023-06-30_23-47-29
318 1 0 0 16.5240 2 2023-06-30_23-49-23
319 1 0 0 9.5120 2 2023-06-30_23-51-34
319 1 0 0 9.6160 2 2023-06-30_23-53-20
319 1 0 0 9.4660 2 2023-06-30_23-55-07
320 1 0 0 10.3240 2 2023-06-30_23-56-53
320 1 0 0 10.3320 2 2023-06-30_23-58-40
320 1 0 0 10.1040 2 2023-07-01_00-00-29
321 0 1 0 8.6320 2 2023-07-01_00-02-17
321 0 1 0 8.0680 2 2023-07-01_00-04-02
321 1 0 0 9.9710 2 2023-07-01_00-05-44
322 1 0 0 9.5740 2 2023-07-01_00-07-34
322 1 0 0 9.5650 2 2023-07-01_00-09-22
322 1 0 0 9.6990 2 2023-07-01_00-11-10
323 1 0 0 9.8020 2 2023-07-01_00-12-57
323 1 0 0 9.7770 2 2023-07-01_00-14-43
323 1 0 0 9.9820 2 2023-07-01_00-16-30
324 1 0 0 10.6130 2 2023-07-01_00-18-17
324 1 0 0 10.4830 2 2023-07-01_00-20-06
324 1 0 0 10.4860 2 2023-07-01_00-21-55
325 1 0 0 9.4680 2 2023-07-01_00-23-45
325 0 1 0 2.8390 2 2023-07-01_00-25-31
325 1 0 0 9.7020 2 2023-07-01_00-26-52
326 0 1 0 6.0120 2 2023-07-01_00-28-38
326 0 1 0 5.9070 2 2023-07-01_00-30-12
326 0 1 0 5.8200 2 2023-07-01_00-31-45
327 1 0 0 10.2460 2 2023-07-01_00-33-18
327 1 0 0 10.2030 2 2023-07-01_00-35-05
327 1 0 0 10.4140 2 2023-07-01_00-36-49
328 0 1 0 2.8490 2 2023-07-01_00-38-31
328 0 1 0 2.8620 2 2023-07-01_00-39-51
328 0 1 0 2.5440 2 2023-07-01_00-41-10
329 1 0 0 9.5840 2 2023-07-01_00-42-30
329 1 0 0 9.5700 2 2023-07-01_00-44-20
329 1 0 0 9.6610 2 2023-07-01_00-46-11
330 1 0 0 9.8610 2 2023-07-01_00-48-01
330 1 0 0 9.8620 2 2023-07-01_00-49-56
330 1 0 0 9.6840 2 2023-07-01_00-51-44
331 1 0 0 9.5740 2 2023-07-03_05-51-23
331 1 0 0 9.5520 2 2023-07-03_05-53-15
331 1 0 0 9.6600 2 2023-07-03_05-55-04
332 1 0 0 9.6440 2 2023-07-03_05-56-56
332 1 0 0 9.4670 2 2023-07-03_05-58-47
332 1 0 0 9.5710 2 2023-07-03_06-00-35
333 0 1 0 9.1100 2 2023-07-03_06-02-24
333 0 1 0 9.0560 2 2023-07-03_06-04-08
333 0 1 0 9.2100 2 2023-07-03_06-05-52
334 1 0 0 9.5860 2 2023-07-03_06-07-38
334 1 0 0 9.4900 2 2023-07-03_06-09-24
334 1 0 0 9.5490 2 2023-07-03_06-11-10
335 1 0 0 13.0600 2 2023-07-03_06-12-58
335 1 0 0 13.4220 2 2023-07-03_06-14-57
335 1 0 0 12.9910 2 2023-07-03_06-16-58
336 1 0 0 9.5520 2 2023-07-03_06-18-54
336 1 0 0 9.5660 2 2023-07-03_06-20-42
336 1 0 0 9.5860 2 2023-07-03_06-22-31
337 1 0 0 9.5650 2 2023-07-03_06-24-19
337 1 0 0 9.5810 2 2023-07-03_06-26-06
337 1 0 0 9.5690 2 2023-07-03_06-27-53
338 1 0 0 9.6610 2 2023-07-03_06-29-40
338 1 0 0 9.8820 2 2023-07-03_06-31-28
338 1 0 0 9.7000 2 2023-07-03_06-33-16
339 0 1 0 9.1680 2 2023-07-03_06-35-01
339 0 1 0 9.2680 2 2023-07-03_06-36-47
339 0 1 0 9.1510 2 2023-07-03_06-38-34
340 0 1 0 8.5700 2 2023-07-03_06-40-22
340 0 1 0 6.8270 2 2023-07-03_06-42-04
340 0 1 0 6.9250 2 2023-07-03_06-43-39
341 0 1 0 6.6120 2 2023-07-03_06-45-17
341 0 1 0 6.7310 2 2023-07-03_06-46-53
341 0 1 0 11.1010 2 2023-07-03_06-48-29
342 0 1 0 1.4180 2 2023-07-03_06-50-22
342 1 0 0 14.8710 2 2023-07-03_06-51-38
342 0 1 0 1.1220 2 2023-07-03_06-53-35
343 0 1 0 3.4620 2 2023-07-03_06-54-50
343 0 1 0 2.7510 2 2023-07-03_06-56-14
343 0 1 0 3.5590 2 2023-07-03_06-57-37
344 0 1 0 8.2570 2 2023-07-03_06-59-02
344 0 1 0 8.2660 2 2023-07-03_07-00-47
344 0 1 0 8.1440 2 2023-07-03_07-02-30
345 0 1 0 0.7130 2 2023-07-03_07-04-13
345 0 1 0 0.7110 2 2023-07-03_07-05-27
345 0 1 0 1.0140 2 2023-07-03_07-06-41
346 0 1 0 11.8920 2 2023-07-03_07-07-56
346 1 0 0 13.4450 2 2023-07-03_07-09-54
346 1 0 0 13.3630 2 2023-07-03_07-11-57
347 0 1 0 9.9850 2 2023-07-03_07-13-59
347 0 1 0 9.7610 2 2023-07-03_07-15-49
347 0 1 0 10.1720 2 2023-07-03_07-17-38
348 0 1 0 3.6650 2 2023-07-03_07-19-28
348 0 1 0 3.9580 2 2023-07-03_07-20-52
348 0 1 0 3.5700 2 2023-07-03_07-22-18
349 0 1 0 1.4190 2 2023-07-03_07-23-42
349 0 1 0 10.2820 2 2023-07-03_07-25-01
349 0 1 0 7.4330 2 2023-07-03_07-26-51
350 0 1 0 7.3120 2 2023-07-03_07-28-30
350 0 1 0 2.0290 2 2023-07-03_07-30-09
350 0 1 0 7.0400 2 2023-07-03_07-31-27
351 0 1 0 12.4170 2 2023-07-03_07-33-05
351 0 1 0 3.2500 2 2023-07-03_07-35-03
351 1 0 0 12.1300 2 2023-07-03_07-36-25
352 0 1 0 7.0180 2 2023-07-03_07-38-19
352 0 1 0 7.0310 2 2023-07-03_07-39-55
352 0 1 0 7.0200 2 2023-07-03_07-41-32
353 0 1 0 4.3750 2 2023-07-03_07-43-08
353 1 0 0 9.9820 2 2023-07-03_07-44-35
353 1 0 0 10.1770 2 2023-07-03_07-46-20
354 0 1 0 1.0170 2 2023-07-03_07-48-06
354 0 1 0 0.9200 2 2023-07-03_07-49-21
354 0 1 0 1.0360 2 2023-07-03_07-50-35
355 0 1 0 1.1140 2 2023-07-03_07-51-49
355 0 1 0 1.0100 2 2023-07-03_07-53-04
355 0 1 0 0.9290 2 2023-07-03_07-54-19
356 1 0 0 9.5980 2 2023-07-03_07-55-32
356 1 0 0 9.6550 2 2023-07-03_07-57-19
356 1 0 0 9.7800 2 2023-07-03_07-59-06
357 0 1 0 0.7070 2 2023-07-03_08-00-55
357 0 1 0 0.9180 2 2023-07-03_08-02-09
357 0 1 0 0.8220 2 2023-07-03_08-03-23
358 0 1 0 2.8490 2 2023-07-03_08-04-36
358 0 1 0 4.0740 2 2023-07-03_08-06-00
358 0 1 0 2.8390 2 2023-07-03_08-07-30
359 1 0 0 10.2620 2 2023-07-03_08-08-54
359 1 0 0 10.2770 2 2023-07-03_08-10-44
359 1 0 0 10.1600 2 2023-07-03_08-12-34
